For each genus, we give the list of generators for non $\lambda$-minimal numerical semigroups the genus

genus 12
[9, 10, 11, 12, 13]

genus 13
[10, 11, 12, 13, 14, 17]
[10, 11, 12, 13, 14, 15]

genus 14
[11, 12, 13, 14, 15, 18, 19]
[11, 12, 13, 14, 15, 17, 20]
[11, 12, 13, 14, 15, 16, 21]
[11, 12, 13, 14, 15, 16, 19]
[11, 12, 13, 14, 15, 16, 17]
[10, 12, 13, 14, 15, 17]

genus 15
[12, 13, 14, 15, 16, 19, 20, 21]
[12, 13, 14, 15, 16, 18, 20, 22]
[12, 13, 14, 15, 16, 17, 20, 23]
[12, 13, 14, 15, 16, 17, 20, 21]
[12, 13, 14, 15, 16, 17, 19, 22]
[12, 13, 14, 15, 16, 17, 18, 23]
[12, 13, 14, 15, 16, 17, 18, 21]
[12, 13, 14, 15, 16, 17, 18, 19]
[11, 13, 14, 15, 16, 18, 20]
[11, 13, 14, 15, 16, 17, 19]
[10, 13, 14, 15, 16, 17]
[10, 12, 14, 15, 16, 18]
[9, 11, 13, 15, 16]
[8, 10, 12, 14, 25, 27, 29, 31]

genus 16
[13, 14, 15, 16, 17, 20, 21, 22, 23]
[13, 14, 15, 16, 17, 19, 21, 22, 24]
[13, 14, 15, 16, 17, 19, 20, 23, 24]
[13, 14, 15, 16, 17, 18, 21, 22, 25]
[13, 14, 15, 16, 17, 18, 21, 22, 23]
[13, 14, 15, 16, 17, 18, 20, 23, 25]
[13, 14, 15, 16, 17, 18, 20, 22, 24]
[13, 14, 15, 16, 17, 18, 19, 24, 25]
[13, 14, 15, 16, 17, 18, 19, 22, 25]
[13, 14, 15, 16, 17, 18, 19, 22, 23]
[13, 14, 15, 16, 17, 18, 19, 21, 24]
[13, 14, 15, 16, 17, 18, 19, 20, 25]
[13, 14, 15, 16, 17, 18, 19, 20, 23]
[13, 14, 15, 16, 17, 18, 19, 20, 21]
[12, 14, 15, 16, 17, 19, 21, 22]
[12, 14, 15, 16, 17, 19, 20, 23]
[12, 14, 15, 16, 17, 18, 20, 22]
[12, 14, 15, 16, 17, 18, 19, 25]
[12, 14, 15, 16, 17, 18, 19, 21]
[11, 14, 15, 16, 17, 18, 21]
[11, 14, 15, 16, 17, 18, 19]
[11, 13, 15, 16, 17, 19, 21]
[11, 13, 15, 16, 17, 18, 20]
[11, 12, 13, 14, 15, 31, 32]
[10, 13, 15, 16, 17, 18]
[10, 13, 14, 16, 17, 19]
[10, 12, 14, 16, 17, 18]
[9, 11, 13, 15, 17]
[8, 10, 12, 14, 27, 29, 31, 33]

genus 17
[14, 15, 16, 17, 18, 21, 22, 23, 24, 25]
[14, 15, 16, 17, 18, 20, 22, 23, 24, 26]
[14, 15, 16, 17, 18, 20, 21, 23, 25, 26]
[14, 15, 16, 17, 18, 19, 22, 23, 24, 27]
[14, 15, 16, 17, 18, 19, 22, 23, 24, 25]
[14, 15, 16, 17, 18, 19, 21, 23, 25, 27]
[14, 15, 16, 17, 18, 19, 21, 23, 24, 26]
[14, 15, 16, 17, 18, 19, 21, 22, 25, 26]
[14, 15, 16, 17, 18, 19, 20, 23, 26, 27]
[14, 15, 16, 17, 18, 19, 20, 23, 24, 27]
[14, 15, 16, 17, 18, 19, 20, 23, 24, 25]
[14, 15, 16, 17, 18, 19, 20, 22, 25, 27]
[14, 15, 16, 17, 18, 19, 20, 22, 24, 26]
[14, 15, 16, 17, 18, 19, 20, 21, 26, 27]
[14, 15, 16, 17, 18, 19, 20, 21, 24, 27]
[14, 15, 16, 17, 18, 19, 20, 21, 24, 25]
[14, 15, 16, 17, 18, 19, 20, 21, 23, 26]
[14, 15, 16, 17, 18, 19, 20, 21, 22, 27]
[14, 15, 16, 17, 18, 19, 20, 21, 22, 25]
[14, 15, 16, 17, 18, 19, 20, 21, 22, 23]
[13, 15, 16, 17, 18, 20, 22, 23, 24]
[13, 15, 16, 17, 18, 20, 21, 23, 25]
[13, 15, 16, 17, 18, 19, 21, 23, 24]
[13, 15, 16, 17, 18, 19, 21, 22, 25]
[13, 15, 16, 17, 18, 19, 20, 23, 27]
[13, 15, 16, 17, 18, 19, 20, 22, 24]
[13, 15, 16, 17, 18, 19, 20, 21, 27]
[13, 15, 16, 17, 18, 19, 20, 21, 23]
[13, 14, 16, 17, 18, 19, 20, 23]
[13, 14, 15, 16, 17, 18, 19, 20]
[12, 15, 16, 17, 18, 19, 22, 23]
[12, 15, 16, 17, 18, 19, 20, 23]
[12, 15, 16, 17, 18, 19, 20, 21]
[12, 14, 16, 17, 18, 20, 22, 23]
[12, 14, 16, 17, 18, 19, 21, 23]
[12, 14, 16, 17, 18, 19, 20, 22]
[12, 13, 14, 15, 18, 19, 35]
[12, 13, 14, 15, 17, 19, 35]
[12, 13, 14, 15, 16, 21]
[12, 13, 14, 15, 16, 19]
[12, 13, 14, 15, 16, 18, 35]
[12, 13, 14, 15, 16, 17, 35]
[11, 14, 16, 17, 18, 19, 20]
[11, 14, 15, 17, 18, 19, 21]
[11, 13, 15, 17, 18, 20, 23]
[11, 13, 15, 17, 18, 19, 20]
[11, 12, 16, 17, 18, 19]
[10, 13, 16, 17, 18, 19]
[10, 13, 15, 16, 18, 21]
[10, 12, 14, 16, 18, 19]
[10, 12, 14, 16, 18, 23, 29, 31]
[8, 10, 12, 14, 29, 31, 33, 35]

