Frobenius number 17
[9, 10, 11, 12, 13]

Frobenius number 18
All numerical semigroups of Frobenius number 18 are lambda minimal


Frobenius number 19
[10, 11, 12, 13, 14, 15]
[10, 11, 12, 13, 14, 17]

Frobenius number 20
[11, 12, 13, 14, 15, 16, 21]

Frobenius number 21
[10, 12, 13, 14, 15, 17]
[11, 12, 13, 14, 15, 16, 17]
[11, 12, 13, 14, 15, 16, 19]
[11, 12, 13, 14, 15, 17, 20]
[11, 12, 13, 14, 15, 18, 19]
[11, 12, 13, 14, 15, 31, 32]

Frobenius number 22
[10, 13, 14, 15, 16, 17]
[12, 13, 14, 15, 16, 17, 18, 23]
[12, 13, 14, 15, 16, 17, 20, 23]

Frobenius number 23
[8, 10, 12, 14, 25, 27, 29, 31]
[9, 11, 13, 15, 16]
[10, 12, 14, 15, 16, 18]
[11, 13, 14, 15, 16, 17, 19]
[11, 13, 14, 15, 16, 18, 20]
[12, 13, 14, 15, 16, 17, 18, 19]
[12, 13, 14, 15, 16, 17, 18, 21]
[12, 13, 14, 15, 16, 17, 19, 22]
[12, 13, 14, 15, 16, 17, 20, 21]
[12, 13, 14, 15, 16, 17, 35]
[12, 13, 14, 15, 16, 18, 20, 22]
[12, 13, 14, 15, 16, 18, 35]
[12, 13, 14, 15, 16, 19, 20, 21]
[12, 13, 14, 15, 16, 19]
[12, 13, 14, 15, 16, 21]
[12, 13, 14, 15, 17, 19, 35]
[12, 13, 14, 15, 18, 19, 35]
[12, 14, 15, 16, 17, 18, 19, 25]
[13, 14, 15, 16, 17, 18, 19, 24, 25]

Frobenius number 24
[10, 13, 15, 16, 17, 18]
[11, 14, 15, 16, 17, 18, 19]
[11, 14, 15, 16, 17, 18, 21]
[13, 14, 15, 16, 17, 18, 19, 20, 25]
[13, 14, 15, 16, 17, 18, 19, 22, 25]
[13, 14, 15, 16, 17, 18, 20, 23, 25]
[13, 14, 15, 16, 17, 18, 21, 22, 25]
[13, 14, 15, 16, 17, 18, 25, 37]
[13, 14, 15, 16, 17, 19, 25, 37]
[13, 14, 15, 16, 17, 20, 25]

Frobenius number 25
[8, 10, 12, 14, 27, 29, 31, 33]
[9, 11, 13, 15, 17]
[10, 12, 14, 16, 17, 18]
[10, 13, 14, 16, 17, 19]
[10, 13, 16, 17, 18, 19]
[11, 13, 15, 16, 17, 18, 20]
[11, 13, 15, 16, 17, 19, 21]
[12, 14, 15, 16, 17, 18, 19, 21]
[12, 14, 15, 16, 17, 18, 20, 22]
[12, 14, 15, 16, 17, 18, 37]
[12, 14, 15, 16, 17, 19, 20, 23]
[12, 14, 15, 16, 17, 19, 21, 22]
[12, 14, 15, 16, 17, 19, 37]
[13, 14, 15, 16, 17, 18, 19, 20, 21]
[13, 14, 15, 16, 17, 18, 19, 20, 23]
[13, 14, 15, 16, 17, 18, 19, 20]
[13, 14, 15, 16, 17, 18, 19, 21, 24]
[13, 14, 15, 16, 17, 18, 19, 22, 23]
[13, 14, 15, 16, 17, 18, 19]
[13, 14, 15, 16, 17, 18, 20, 22, 24]
[13, 14, 15, 16, 17, 18, 20]
[13, 14, 15, 16, 17, 18, 21, 22, 23]
[13, 14, 15, 16, 17, 18, 21]
[13, 14, 15, 16, 17, 18, 22]
[13, 14, 15, 16, 17, 18, 23]
[13, 14, 15, 16, 17, 18, 24]
[13, 14, 15, 16, 17, 19, 20, 23, 24]
[13, 14, 15, 16, 17, 19, 21, 22, 24]
[13, 14, 15, 16, 17, 19, 21]
[13, 14, 15, 16, 17, 19, 23]
[13, 14, 15, 16, 17, 19, 24]
[13, 14, 15, 16, 17, 20, 21, 22, 23]
[13, 14, 15, 16, 17, 20, 21]
[13, 14, 15, 16, 17, 20, 23]
[13, 14, 15, 16, 17, 22, 23]
[13, 14, 15, 16, 18, 19, 23]
[13, 14, 15, 16, 18, 20, 21]
[13, 14, 15, 16, 19, 20, 21]
[13, 14, 15, 16, 19, 20, 23]
[13, 14, 15, 17, 19, 20, 21]
[13, 14, 15, 18, 19, 20, 21]
[13, 14, 16, 17, 18, 19, 20, 23]
[13, 15, 16, 17, 18, 19, 20, 21, 27]
[13, 15, 16, 17, 18, 19, 20, 23, 27]
[14, 15, 16, 17, 18, 19, 20, 21, 26, 27]
[14, 15, 16, 17, 18, 19, 20, 23, 26, 27]
[14, 15, 16, 17, 18, 19, 26, 27, 39]
